,序號,券商,價格,買進股數,賣出股數
0,1,1020 合 庫,30.5,2000,0
1,3,1020,30.65,10000,0
2,5,1021 合庫台中,30.35,5000,0
3,7,1021,30.65,2000,2000
4,9,1021,30.8,1000,0
5,11,1023,30.95,0,2000
6,13,1024 合庫嘉義,30.5,6000,0
7,15,1029 合庫鳳山,30.45,2000,0
8,17,102C 合庫自強,30.6,5000,1000
9,19,102C,30.85,0,1000
10,21,102G 合庫三重,30.6,1000,0
11,23,1030,30.6,2000,0
12,25,1030,30.85,1000,0
13,27,1034 土銀嘉義,30.7,3000,0
14,29,1035,30.55,2000,0
15,31,103C 土銀白河,30.6,2000,0
16,33,1040 臺 銀,30.55,7000,0
17,35,1041 臺銀鳳山,30.35,0,12000
18,37,1041,30.55,4000,0
19,39,1041,30.65,3000,0
20,41,1041,30.75,3000,0
21,43,1041,31.0,3000,0
22,45,1042,30.55,1000,0
23,47,1042,30.7,4000,0
24,49,1042,30.85,1000,0
25,51,1043,30.55,5000,0
26,53,1043,30.7,2000,0
27,55,1045 臺銀新竹,30.35,3000,0
28,57,1045,30.55,2000,0
29,59,104A,30.6,0,2000
30,61,104A,30.75,0,2000
31,63,104C,30.7,1000,1000
32,65,104D 臺銀金山,30.55,10000,0
33,67,104D,30.7,0,10000
34,69,1110 企 銀,30.65,0,3000
35,71,1111,30.95,25000,0
36,73,1116,30.8,0,1000
37,75,1160 日 盛,30.55,1000,0
38,77,1160,30.7,0,1000
39,79,1162 日盛台南,30.4,1000,0
40,81,1163 日盛台中,30.6,0,1000
41,83,1165 日盛板橋,30.65,1000,0
42,85,1168 日盛高雄,30.6,0,1000
43,87,116A 日盛木柵,30.6,2000,0
44,89,116B 日盛中壢,30.55,10048,0
45,91,116B,30.7,200,0
46,93,116C 日盛八德,30.55,1000,0
47,95,116d 日盛三峽,30.7,11000,0
48,97,116d,30.8,10000,0
49,99,116E 日盛三重,30.65,0,3000
50,2,1020,30.55,0,5000
51,4,1020,31.0,0,1000
52,6,1021,30.6,1000,1000
53,8,1021,30.75,5000,0
54,10,1023 合庫高雄,30.65,0,2000
55,12,1023,31.0,0,1000
56,14,1028 合庫彰化,30.4,1000,0
57,16,1029,30.75,3000,0
58,18,102C,30.7,0,5000
59,20,102E 合庫桃園,30.45,2000,0
60,22,1030 土 銀,30.55,0,3000
61,24,1030,30.7,1000,0
62,26,1032 土銀台南,30.6,1000,0
63,28,1035 土銀新竹,30.5,1000,0
64,30,103B 土銀彰化,30.65,0,5000
65,32,103C,30.65,1000,0
66,34,1040,30.65,8000,1000
67,36,1041,30.5,4000,15000
68,38,1041,30.6,1000,0
69,40,1041,30.7,3000,10000
70,42,1041,30.9,1000,0
71,44,1042 臺銀臺南,30.45,2000,0
72,46,1042,30.65,0,2000
73,48,1042,30.75,3000,0
74,50,1043 臺銀民權,30.5,1000,0
75,52,1043,30.6,1000,0
76,54,1043,30.8,10,0
77,56,1045,30.5,3000,0
78,58,104A 臺銀臺中,30.5,5000,0
79,60,104A,30.7,1000,2000
80,62,104C 臺銀高雄,30.65,1000,0
81,64,104C,30.95,1000,0
82,66,104D,30.65,1000,0
83,68,104D,30.8,0,250
84,70,1111 企銀台中,30.7,3000,0
85,72,1116 企銀屏東,30.4,1000,0
86,74,111G 企銀埔墘,30.7,30000,0
87,76,1160,30.65,1000,0
88,78,1160,31.05,0,3000
89,80,1162,30.55,13000,0
90,82,1164 日盛內湖,30.6,6000,0
91,84,1167 日盛嘉義,30.6,1000,0
92,86,1169 日盛士林,30.65,0,1000
93,88,116A,30.65,2000,0
94,90,116B,30.6,175,1000
95,92,116B,30.8,1200,0
96,94,116C,30.75,1000,0
97,96,116d,30.75,10000,0
98,98,116d,30.85,5000,0
99,100,116F 日盛員林,30.65,5000,0
100,101,116F,30.7,0,5000
101,103,116H 日盛新竹,30.5,3000,0
102,105,116H,30.6,0,1000
103,107,116i,30.45,2000,0
104,109,116i,30.65,1000,0
105,111,116k 日盛北高,30.55,1000,0
106,113,116K,30.65,2000,2000
107,115,116L 日盛大墩,30.4,0,5000
108,117,116m 日盛和美,30.5,1000,0
109,119,116N 日盛永康,30.5,1000,0
110,121,116Q 日盛二林,30.55,1000,0
111,123,116s 日盛土城,30.4,0,10000
112,125,116S 日盛新莊,30.35,0,9000
113,127,116S,30.65,0,200
114,129,116V 日盛斗六,30.55,3000,1000
115,131,116V,30.65,1000,2000
116,133,1230 彰 銀,30.5,2000,0
117,135,1232,30.7,4000,0
118,137,1260,30.5,0,36000
119,139,1261 宏遠民生,30.4,1000,0
120,141,126D 宏遠台南,30.4,2000,0
121,143,126D,30.8,2000,0
122,145,1440 美林,30.55,0,2000
123,147,1440,30.7,1000,0
124,149,1470 台灣摩根,30.35,0,2000
125,151,1470,30.45,0,2000
126,153,1470,30.55,0,12000
127,155,1470,30.65,0,6000
128,157,1470,30.75,0,2000
129,159,1470,30.85,0,1000
130,161,1480 美商高盛,30.45,0,28000
131,163,1480,30.6,1000,9000
132,165,1480,30.7,4000,10000
133,167,1480,30.8,1000,0
134,169,1480,31.05,3000,0
135,171,1520,30.6,39000,3000
136,173,1520,30.7,0,5000
137,175,1560 港商野村,30.75,0,1000
138,177,1650 瑞銀,30.35,3000,0
139,179,1650,30.45,5000,0
140,181,1650,30.55,2000,7000
141,183,1650,30.65,43000,23000
142,185,1650,30.75,58000,41000
143,187,1650,30.85,2000,43000
144,189,1650,30.95,0,40000
145,191,1650,31.05,2000,0
146,193,2180,30.6,2000,0
147,195,2184,30.7,2000,0
148,197,2187,30.55,2000,56000
149,199,2187,30.65,2000,0
150,102,116g 日盛龍潭,30.65,150,0
151,104,116H,30.55,1000,0
152,106,116i 日盛樹林,30.35,0,1000
153,108,116i,30.55,0,3000
154,110,116I 日盛南京,30.75,1000,0
155,112,116K 日盛花蓮,30.55,8000,0
156,114,116K,30.7,0,1000
157,116,116L,30.6,1000,0
158,118,116M 日盛屏東,30.7,0,1000
159,120,116N,30.55,1000,0
160,122,116r 日盛文化,30.5,0,20000
161,124,116s,30.7,5000,0
162,126,116S,30.6,5000,1000
163,128,116S,30.7,0,5000
164,130,116V,30.6,1000,0
165,132,116Z 日盛中和,30.4,1000,0
166,134,1232 彰銀七賢,30.4,0,30000
167,136,1260 宏 遠,30.4,0,124000
168,138,1260,30.65,8000,0
169,140,1261,30.65,0,5000
170,142,126D,30.6,2000,0
171,144,126U 宏遠館前,30.75,150,0
172,146,1440,30.65,1000,0
173,148,1440,31.05,3000,0
174,150,1470,30.4,0,2000
175,152,1470,30.5,0,2000
176,154,1470,30.6,0,42000
177,156,1470,30.7,10000,29000
178,158,1470,30.8,0,42000
179,160,1470,30.9,0,30000
180,162,1480,30.55,1000,2000
181,164,1480,30.65,6000,1000
182,166,1480,30.75,0,6000
183,168,1480,30.95,2000,0
184,170,1520 瑞士信貸,30.55,1000,5000
185,172,1520,30.65,2000,1000
186,174,1520,30.8,0,1000
187,176,1560,30.95,0,2000
188,178,1650,30.4,28000,0
189,180,1650,30.5,22000,9000
190,182,1650,30.6,1000,47000
191,184,1650,30.7,25000,32000
192,186,1650,30.8,31000,52000
193,188,1650,30.9,0,9000
194,190,1650,31.0,1000,17000
195,192,2180 亞 東,30.55,100,0
196,194,2184 亞東新竹,30.65,10000,0
197,196,2187 亞東台中,30.5,2000,108000
198,198,2187,30.6,0,1000
199,200,2187,30.7,0,4000
200,201,2187,30.75,0,2000
201,203,5050 大 展,30.55,1000,0
202,205,5058,30.75,3000,0
203,207,5261 美好蘆洲,30.4,0,1000
204,209,5263 美好泰山,30.65,1000,0
205,211,5266,30.7,4000,0
206,213,526K 美好富順,30.55,1000,0
207,215,526K,30.95,1000,0
208,217,5321 高橋龍潭,30.5,1000,0
209,219,5322 高橋中壢,30.5,3000,0
210,221,5323,30.4,11000,0
211,223,5381 第一員林,30.65,5,0
212,225,5382 第一台中,30.5,2000,0
213,227,5383 第一高雄,30.5,10000,0
214,229,5384,30.6,5000,0
215,231,5385 第一桃園,30.5,0,2000
216,233,5385,30.75,1000,0
217,235,538A 第一新興,30.55,1000,17000
218,237,538A,30.65,1000,0
219,239,538B 第一新竹,30.5,1000,0
220,241,538B,30.85,1000,0
221,243,538D 第一忠孝,30.7,1000,0
222,245,538E,30.5,0,100000
223,247,538E,30.75,106,3
224,249,538j,30.8,30,0
225,251,538M,30.45,1000,0
226,253,538M,30.8,1000,0
227,255,538M,30.9,1000,0
228,257,538N 第一豐原,30.6,0,50000
229,259,538P 第一路竹,30.4,0,1000
230,261,538P,30.65,1000,0
231,263,538W 第一華江,30.75,0,4
232,265,538Y 第一中壢,30.55,4000,0
233,267,538Y,30.65,2000,9000
234,269,5603 永興台中,30.6,0,2000
235,271,5603,30.75,0,10000
236,273,5850,30.8,1000,0
237,275,5852 統一敦南,30.75,50,1000
238,277,5853,30.7,0,1000
239,279,5857 統一新竹,30.65,2000,0
240,281,5857,30.95,1000,0
241,283,5859,30.6,1000,0
242,285,585c 統一仁愛,30.35,0,2000
243,287,585c,30.6,0,2000
244,289,585D,30.5,1000,0
245,291,585D,30.65,1000,1000
246,293,585D,30.85,1000,0
247,295,585E 統一新營,30.55,1000,0
248,297,585F,30.55,10000,0
249,299,585F,30.8,2000,0
250,202,2187,30.8,2000,2000
251,204,5058 大展台南,30.65,0,2000
252,206,5260 美 好,30.6,0,11000
253,208,5261,30.7,1000,1000
254,210,5266 美好中壢,30.55,0,2000
255,212,5268 美好台南,30.45,1000,0
256,214,526K,30.7,0,4000
257,216,526K,31.05,1000,0
258,218,5321,30.65,1000,0
259,220,5323 高橋內壢,30.3,19000,0
260,222,5323,30.45,16000,0
261,224,5381,31.05,0,200
262,226,5382,30.7,3000,0
263,228,5384 第一台南,30.55,1000,0
264,230,5384,30.65,1000,0
265,232,5385,30.6,1000,0
266,234,5387 第一澎湖,30.5,1000,0
267,236,538A,30.6,0,1000
268,238,538A,30.85,1000,0
269,240,538B,30.8,1000,0
270,242,538C 第一光復,30.75,0,3
271,244,538E 第一自由,30.45,0,61000
272,246,538E,30.55,0,4000
273,248,538j 第一安和,30.6,0,2000
274,250,538M 第一嘉義,30.35,1000,0
275,252,538M,30.6,1000,0
276,254,538M,30.85,1000,0
277,256,538M,30.95,1000,0
278,258,538N,30.85,0,4000
279,260,538P,30.55,1000,0
280,262,538P,30.7,1000,0
281,264,538W,30.85,1000,0
282,266,538Y,30.6,3000,0
283,268,5602 永興水湳,30.65,0,3000
284,270,5603,30.7,0,3000
285,272,5850 統 一,30.6,1000,0
286,274,5851 統一高雄,30.65,0,6000
287,276,5853 統一中壢,30.5,1000,0
288,278,5853,30.8,0,1000
289,280,5857,30.8,2000,0
290,282,5859 統一屏東,30.5,3000,0
291,284,585A 統一基隆,30.6,5000,0
292,286,585c,30.55,0,2000
293,288,585D 統一新台中,30.35,1000,0
294,290,585D,30.55,0,1000
295,292,585D,30.8,1000,1000
296,294,585D,30.95,1000,0
297,296,585F 統一彰化,30.4,6000,0
298,298,585F,30.7,3000,0
299,300,585F,30.9,1000,0
300,301,585g 統一平鎮,30.7,0,1000
301,303,585H 統一桃園,30.65,3000,0
302,305,585J 統一三重,30.55,15000,0
303,307,585J,30.65,100,0
304,309,585m 統一竹南,30.55,1000,0
305,311,585M,31.05,1000,0
306,313,585P,30.65,1000,0
307,315,585U 統一南京,30.75,1000,0
308,317,585Y,30.65,0,1000
309,319,5922 元富新店,30.4,1000,0
310,321,5922,30.55,1000,0
311,323,5923 元富三重,30.55,1000,0
312,325,5927 元富林園,30.5,2000,0
313,327,5929,30.7,0,4000
314,329,592a 元富松德,30.8,1000,344
315,331,592a,31.0,0,390
316,333,592A,30.75,1000,0
317,335,592b,30.6,3000,0
318,337,592d 元富延平,30.65,0,1000
319,339,592H 元富信義,30.5,1000,0
320,341,592H,30.65,2000,0
321,343,592H,30.95,1000,0
322,345,592i,30.85,1000,0
323,347,592l 元富大裕,30.3,0,29000
324,349,592l,30.7,3000,0
325,351,592M 元富彰化,30.5,1000,0
326,353,592N 元富虎尾,31.0,1000,0
327,355,592P 元富同大,30.5,0,2000
328,357,592P,30.85,0,2000
329,359,592S 元富基隆,30.35,2000,0
330,361,592S,30.5,3000,2000
331,363,592S,30.6,1000,0
332,365,592S,30.8,1000,0
333,367,592u 元富世貿,30.65,5000,0
334,369,592z 元富文心,30.55,2000,0
335,371,592z,30.7,0,2000
336,373,6012 ★亞網路,30.35,2000,0
337,375,6012,30.7,0,4000
338,377,601d,30.55,8000,0
339,379,601d,30.65,2000,0
340,381,601d,30.75,0,643
341,383,6110 台中銀,30.3,1000,0
342,385,6110,30.65,1000,0
343,387,6115,30.75,0,239
344,389,6160 中國信託,30.35,1000,0
345,391,6160,30.55,1000,0
346,393,6160,30.7,1000,0
347,395,6161,30.55,3000,0
348,397,6162 中信託忠,30.5,0,1000
349,399,6162,30.7,0,5000
350,302,585g,30.8,3000,0
351,304,585I 統一員林,30.5,1000,0
352,306,585J,30.6,2000,0
353,308,585J,30.8,2000,0
354,310,585M 統一士林,30.55,0,1000
355,312,585P 統一板橋,30.6,1000,0
356,314,585P,30.9,1000,0
357,316,585Y 統一土城,30.5,0,1000
358,318,585Z 統一松江,30.6,0,2000
359,320,5922,30.5,10000,0
360,322,5922,30.6,2000,0
361,324,5923,30.6,1000,0
362,326,5929 元富台南,30.65,3000,0
363,328,5929,30.85,3000,0
364,330,592a,30.85,1000,158
365,332,592A 元富緯城,30.4,1000,0
366,334,592b 元富板橋,30.55,4000,0
367,336,592b,30.8,100,0
368,338,592D 元富大昌,30.55,2000,0
369,340,592H,30.55,1000,0
370,342,592H,30.7,1000,0
371,344,592i 元富中港,30.55,0,3000
372,346,592I 元富嘉義,30.55,0,1000
373,348,592l,30.35,0,21000
374,350,592L 元富中壢,30.6,1000,0
375,352,592M,30.55,5000,0
376,354,592o 元富新興,31.05,1000,0
377,356,592P,30.7,0,2000
378,358,592r 元富城東,30.7,1000,0
379,360,592S,30.4,1000,0
380,362,592S,30.55,0,3000
381,364,592S,30.7,1000,0
382,366,592S,30.95,3000,0
383,368,592v 元富桃園,30.7,0,11000
384,370,592z,30.6,0,5000
385,372,592Z 元富安南,30.55,0,20000
386,374,6012,30.55,3000,0
387,376,601d 亞鑫豐,30.5,1000,0
388,378,601d,30.6,17000,0
389,380,601d,30.7,0,2000
390,382,601d,31.0,400,0
391,384,6110,30.5,1000,0
392,386,6115 中銀台北,30.6,2000,0
393,388,6115,30.8,0,2000
394,390,6160,30.45,0,1000
395,392,6160,30.6,0,1000
396,394,6161 中信三重,30.5,6000,0
397,396,6161,30.6,5000,0
398,398,6162,30.6,1000,0
399,400,6163 中信託永,30.6,1000,0
400,401,6163,30.65,1000,5000
401,403,6163,30.9,0,1000
402,405,6164,30.6,1000,0
403,407,6165 中信託新,30.55,5000,0
404,409,6165,30.7,0,10000
405,411,6168 中信嘉義,30.45,2000,0
406,413,616A 中信中壢,30.35,0,1000
407,415,616A,30.55,0,1000
408,417,616A,31.0,1000,0
409,419,616K,30.8,1000,0
410,421,6210,30.5,4000,0
411,423,6210,30.7,0,2000
412,425,6381 光和溪湖,30.5,2000,0
413,427,6450 永 全,30.65,0,8000
414,429,6452,30.45,0,1000
415,431,6460 大 昌,30.5,1000,0
416,433,6461,30.6,5000,0
417,435,6462,30.4,2000,0
418,437,6462,30.6,0,3000
419,439,6464,30.45,1000,0
420,441,6464,30.55,2000,15000
421,443,6464,30.65,2000,1000
422,445,6464,30.75,0,6000
423,447,6915 德信和平,30.5,0,2000
424,449,7000 兆豐,30.7,0,1000
425,451,7001,30.85,5000,0
426,453,7003 兆豐台中,30.35,1000,0
427,455,7003,30.7,0,2000
428,457,7005 兆豐中港,30.4,10000,0
429,459,7005,30.6,1000,0
430,461,7005,30.7,1000,0
431,463,7005,30.9,1000,0
432,465,7006,30.6,1000,0
433,467,7007,30.6,0,2000
434,469,7007,30.9,0,5000
435,471,7008,30.95,0,1000
436,473,700a 兆豐忠孝,30.55,10000,0
437,475,700a,30.7,0,3000
438,477,700B,30.95,0,4000
439,479,700f 兆豐鹿港,30.5,1000,50000
440,481,700g 兆豐南門,30.5,3000,0
441,483,700g,30.7,1000,0
442,485,700g,31.0,2000,0
443,487,700J 兆豐公益,30.6,20000,0
444,489,700K,30.5,1000,0
445,491,700K,30.6,1000,0
446,493,700L,30.5,1000,0
447,495,700L,30.6,1000,0
448,497,700L,30.75,0,1000
449,499,700L,30.9,1000,0
450,402,6163,30.7,3000,0
451,404,6164 中信託文,30.5,2000,0
452,406,6164,30.7,5000,1000
453,408,6165,30.6,5000,0
454,410,6165,30.95,0,1000
455,412,6168,30.6,7000,0
456,414,616A,30.5,1000,0
457,416,616A,30.65,1000,0
458,418,616K 中信託高,30.65,1000,8000
459,420,6210 新 百 王,30.35,4000,0
460,422,6210,30.6,3000,0
461,424,6380 光 和,30.5,1000,0
462,426,6382 光和田中,30.65,2000,0
463,428,6452 永全八德,30.4,0,2000
464,430,6452,30.65,0,2000
465,432,6461 大昌樹林,30.5,1000,0
466,434,6462 大昌安康,30.35,0,6000
467,436,6462,30.5,1000,2000
468,438,6464 大昌新店,30.4,1000,0
469,440,6464,30.5,0,2000
470,442,6464,30.6,3000,3000
471,444,6464,30.7,2000,4000
472,446,6464,30.85,1000,13000
473,448,6915,30.55,0,3000
474,450,7001 兆豐嘉義,30.55,0,118
475,452,7001,30.95,0,1000
476,454,7003,30.65,1000,0
477,456,7003,30.8,0,1000
478,458,7005,30.5,2000,0
479,460,7005,30.65,14000,0
480,462,7005,30.8,2000,0
481,464,7006 兆豐台南,30.55,1000,1000
482,466,7007 兆豐竹北,30.5,1000,0
483,468,7007,30.7,0,1000
484,470,7008 兆豐三重,30.5,1000,0
485,472,7009 兆豐景美,30.4,0,4000
486,474,700a,30.65,0,14000
487,476,700B 兆豐板橋,30.85,0,1000
488,478,700C 兆豐來福,30.45,0,1000
489,480,700f,30.7,0,1000
490,482,700g,30.6,1000,0
491,484,700g,30.8,1000,0
492,486,700I 兆豐北高,30.65,1000,0
493,488,700K 兆豐新營,30.45,1000,0
494,490,700K,30.55,1000,0
495,492,700L 兆豐天母,30.35,1000,0
496,494,700L,30.55,3000,0
497,496,700L,30.7,1000,2000
498,498,700L,30.85,1000,0
499,500,700M 兆豐桃園,30.65,10000,0
500,501,700P 兆豐南京,30.55,3000,0
501,503,700r,30.65,4000,0
502,505,700r,30.85,2000,0
503,507,700R 兆豐小港,30.7,0,8000
504,509,700s,30.7,1000,0
505,511,700U 兆豐桃鶯,30.4,1000,0
506,513,700U,30.8,0,1000
507,515,700W 兆豐城中,30.7,1000,0
508,517,7032 致和佳里,30.6,0,3000
509,519,7750 北 城,30.5,1000,0
510,521,7790 國票綜合,30.7,2000,4000
511,523,7790,30.85,0,352
512,525,7790,31.05,0,26
513,527,7795,30.55,0,2000
514,529,7798 國票內壢,30.55,0,1000
515,531,779D 國票台南,30.65,200,0
516,533,779E 國票南崁,30.65,0,3000
517,535,779H 國票嘉義,30.45,0,1000
518,537,779H,30.7,0,4000
519,539,779n 國票南京,30.6,1000,0
520,541,779P 國票九鼎,30.6,0,20000
521,543,779z 國票博愛,30.85,0,2000
522,545,779Z 國票安和,30.6,5000,0
523,547,8150,30.45,1000,8000
524,549,8150,30.6,5000,1000
525,551,8150,30.7,2000,7000
526,553,8150,30.8,4000,0
527,555,8152 台新新莊,30.55,2000,0
528,557,8156 台新三民,30.65,6000,0
529,559,8157 台新左楠,30.5,1000,0
530,561,8158 台新松江,30.8,0,295
531,563,815A 台新高雄,30.5,2000,0
532,565,815A,30.65,0,1000
533,567,815A,30.8,2000,0
534,569,815A,31.05,0,1000
535,571,815B,30.45,1000,0
536,573,815B,30.55,3000,0
537,575,815B,30.65,2000,0
538,577,815B,30.85,2000,0
539,579,815S 台新中壢,30.4,2000,0
540,581,815S,30.6,4000,0
541,583,815Y 台新新營,30.35,1000,0
542,585,815Y,30.5,1000,0
543,587,815Y,30.6,2000,0
544,589,815Y,30.75,0,5000
545,591,8440,30.45,0,1000
546,593,8440,30.55,7000,0
547,595,8440,30.65,0,4000
548,597,8440,30.75,0,22000
549,599,8440,30.85,0,4000
550,502,700r 兆豐寶成,30.5,2000,0
551,504,700r,30.7,2000,4000
552,506,700r,30.9,2000,0
553,508,700s 兆豐岡山,30.55,1000,0
554,510,700S 兆豐大同,30.9,1000,0
555,512,700U,30.7,0,1000
556,514,700V 兆豐新竹,30.4,2000,0
557,516,7030 致 和,30.65,0,7000
558,518,703B 致和崇德,30.55,1000,0
559,520,7750,30.65,2000,0
560,522,7790,30.8,20,169
561,524,7790,31.0,0,10
562,526,7795 國票南港,30.45,1000,0
563,528,7795,30.75,1000,0
564,530,779c 國票敦北,30.65,2000,0
565,532,779e 國票南科,30.5,2000,0
566,534,779E,30.7,0,2000
567,536,779H,30.6,0,5000
568,538,779J 國票北高,30.5,1000,0
569,540,779n,30.8,1000,0
570,542,779X 國票中和,30.5,40000,0
571,544,779z,30.95,1000,0
572,546,8150 台 新,30.35,2000,3000
573,548,8150,30.55,1000,18000
574,550,8150,30.65,3000,0
575,552,8150,30.75,0,2000
576,554,8151 台新建北,30.4,1000,0
577,556,8152,30.8,100,0
578,558,8156,30.7,1000,0
579,560,8157,30.7,0,1000
580,562,8159 台新台南,30.45,1000,0
581,564,815A,30.6,16000,0
582,566,815A,30.7,1000,0
583,568,815A,31.0,1000,0
584,570,815B 台新台中,30.4,1000,0
585,572,815B,30.5,5000,0
586,574,815B,30.6,1000,8000
587,576,815B,30.7,1000,5000
588,578,815H 台新屏東,30.55,0,1000
589,580,815S,30.5,2000,0
590,582,815S,30.9,2000,0
591,584,815Y,30.4,1000,0
592,586,815Y,30.55,5000,0
593,588,815Y,30.65,0,1000
594,590,8440 摩根大通,30.4,0,10000
595,592,8440,30.5,0,6000
596,594,8440,30.6,0,22000
597,596,8440,30.7,0,21000
598,598,8440,30.8,0,1000
599,600,8440,30.9,0,18000
600,601,8440,30.95,10000,6000
601,603,8456 康和新竹,30.55,0,13000
602,605,8459,30.4,2000,0
603,607,8459,30.55,3000,1000
604,609,8459,30.65,2000,0
605,611,845A 康和內湖,30.5,3000,0
606,613,845B 康和永和,30.4,3000,0
607,615,845B,30.9,4000,0
608,617,845D,30.6,0,30000
609,619,845R 康和石牌,30.65,3000,0
610,621,845U 康和復興,30.55,1000,0
611,623,845X 康和屏東,30.6,1000,0
612,625,8520 中 農,30.55,2000,0
613,627,8560 新 光,30.35,1000,7000
614,629,8560,30.45,2000,0
615,631,8560,30.55,5000,10000
616,633,8560,30.65,3000,5000
617,635,8560,30.75,4000,3000
618,637,8560,31.05,7000,0
619,639,8561,30.55,10000,0
620,641,8561,30.65,1000,2000
621,643,8561,30.75,0,5000
622,645,8561,30.9,18000,0
623,647,8562,30.55,4000,2000
624,649,8562,30.8,0,1000
625,651,8563,30.65,0,2000
626,653,8564,30.7,0,1000
627,655,8565 新光桃園,30.5,5000,0
628,657,8565,30.65,5000,0
629,659,8582,30.55,0,5000
630,661,8840 玉 山,30.3,1000,0
631,663,8840,30.55,5000,0
632,665,8840,30.7,1000,0
633,667,8841 玉山雙和,30.45,10000,0
634,669,8841,30.65,10000,0
635,671,8843 玉山高雄,30.45,1000,0
636,673,8843,30.55,1000,0
637,675,8846 玉山板橋,30.3,3000,0
638,677,8846,30.6,22000,0
639,679,8846,30.8,1050,0
640,681,8847 玉山台南,30.5,5000,0
641,683,8847,30.6,0,1000
642,685,8848 玉山嘉義,30.5,1000,0
643,687,8849 玉山台大,30.65,0,1000
644,689,884B 玉山台中,30.3,1000,0
645,691,884D 玉山左營,30.45,0,1000
646,693,884D,30.6,1000,0
647,695,884E 玉山城中,30.55,1000,0
648,697,884F,30.5,2000,0
649,699,884F,30.9,0,5000
650,602,8455 康和台中,30.4,1000,0
651,604,8459 康和嘉義,30.35,2000,1000
652,606,8459,30.5,4000,0
653,608,8459,30.6,2000,4000
654,610,8459,30.7,2000,0
655,612,845A,30.55,1000,0
656,614,845B,30.7,0,3000
657,616,845D 康和板橋,30.55,0,40000
658,618,845J 康和高雄,30.55,1000,0
659,620,845R,30.75,499,0
660,622,845U,30.75,50,0
661,624,845X,30.8,0,1000
662,626,8520,30.65,1000,0
663,628,8560,30.4,6000,0
664,630,8560,30.5,4000,2000
665,632,8560,30.6,0,49000
666,634,8560,30.7,4000,2000
667,636,8560,30.8,6300,0
668,638,8561 新光台中,30.4,18000,0
669,640,8561,30.6,8000,2000
670,642,8561,30.7,1000,1000
671,644,8561,30.85,388,0
672,646,8562 新光高雄,30.35,3000,0
673,648,8562,30.65,1000,0
674,650,8563 新光新竹,30.35,1000,0
675,652,8564 新光台南,30.6,0,3000
676,654,8564,30.75,3000,0
677,656,8565,30.6,1000,0
678,658,8582 聯邦嘉義,30.5,0,1000
679,660,8587 聯邦興中,30.75,100,0
680,662,8840,30.5,2000,0
681,664,8840,30.6,2000,6000
682,666,8840,31.0,5000,0
683,668,8841,30.55,10000,0
684,670,8841,30.7,5000,0
685,672,8843,30.5,1000,0
686,674,8843,30.7,1000,0
687,676,8846,30.5,8000,0
688,678,8846,30.7,1000,0
689,680,8846,30.85,1000,0
690,682,8847,30.55,5000,0
691,684,8847,30.65,1000,0
692,686,8848,30.65,10000,0
693,688,8849,30.8,1000,0
694,690,884C 玉山南京,30.8,0,4000
695,692,884D,30.55,1000,0
696,694,884D,30.7,3000,0
697,696,884F 玉山桃園,30.35,2000,0
698,698,884F,30.85,2000,0
699,700,884H 玉山新竹,30.4,1000,0
700,701,884H,30.55,1000,2000
701,703,884J 玉山大里,30.45,1000,0
702,705,884J,30.65,1000,0
703,707,884M 玉山數位,30.75,150,0
704,709,8880,30.65,2000,0
705,711,8881 國泰高雄,30.35,1000,0
706,713,8881,30.6,1000,0
707,715,8881,30.7,1000,0
708,717,8881,30.9,0,1000
709,719,8882,30.45,1000,0
710,721,8882,30.55,4000,56000
711,723,8882,30.65,6100,3000
712,725,8882,30.75,4163,4000
713,727,8882,30.9,1000,0
714,729,8883 國泰松江,30.35,1000,0
715,731,8883,30.6,4000,0
716,733,8883,30.7,2100,5000
717,735,8883,30.8,3100,0
718,737,8884 國泰台南,30.4,1000,0
719,739,8884,30.8,40,0
720,741,8885 國泰桃園,30.55,0,1000
721,743,8885,30.9,1000,0
722,745,8885,31.0,1000,0
723,747,8886,30.75,1000,0
724,749,8887 國泰忠孝,30.65,1000,2000
725,751,8888 國泰敦南,30.4,2000,3000
726,753,8888,30.5,6000,11000
727,755,8888,30.6,4200,2000
728,757,8888,30.7,2000,2000
729,759,8888,30.8,13000,500
730,761,8888,30.9,2000,1000
731,763,888A,30.55,2000,0
732,765,888A,30.65,5000,0
733,767,888K 國泰板橋,30.35,0,1000
734,769,888K,30.8,300,0
735,771,9100 群益,30.4,3000,0
736,773,9100,30.7,0,3000
737,775,9101,30.65,1000,0
738,777,9105,30.45,10000,0
739,779,9105,30.55,2000,0
740,781,9105,30.8,0,10000
741,783,9108 群益海山,30.55,0,5000
742,785,910D 群益大興,30.6,5000,0
743,787,910D,30.7,1000,0
744,789,9131,30.65,20,0
745,791,9131,30.9,1000,0
746,793,9134 群益開元,30.55,10000,0
747,795,9135 群益東大,30.55,0,20000
748,797,9136 群益西松,30.5,0,5000
749,799,9136,30.7,0,1000
750,702,884H,30.8,2000,0
751,704,884J,30.55,100,0
752,706,884J,30.85,1000,0
753,708,8880 國泰綜合,30.55,0,1000
754,710,8880,30.7,0,4000
755,712,8881,30.45,1000,0
756,714,8881,30.65,1000,50
757,716,8881,30.75,0,1000
758,718,8882 國泰台中,30.35,3000,0
759,720,8882,30.5,6000,0
760,722,8882,30.6,5000,3000
761,724,8882,30.7,1000,0
762,726,8882,30.8,3000,0
763,728,8882,31.05,4,0
764,730,8883,30.55,5100,0
765,732,8883,30.65,1000,1000
766,734,8883,30.75,1000,0
767,736,8883,30.85,1000,0
768,738,8884,30.75,1000,0
769,740,8884,30.95,1000,0
770,742,8885,30.7,0,2000
771,744,8885,30.95,0,6000
772,746,8886 國泰新莊,30.6,100,0
773,748,8886,31.05,1000,0
774,750,8887,30.85,1000,0
775,752,8888,30.45,1000,0
776,754,8888,30.55,6000,1000
777,756,8888,30.65,4700,0
778,758,8888,30.75,2000,0
779,760,8888,30.85,1000,0
780,762,888A 國泰館前,30.5,0,1000
781,764,888A,30.6,1000,0
782,766,888A,30.75,100,0
783,768,888K,30.55,1000,0
784,770,8900 法銀巴黎,30.7,0,1000
785,772,9100,30.45,1000,0
786,774,9101 群益敦南,30.6,1000,1000
787,776,9105 群益高盛,30.35,20000,0
788,778,9105,30.5,2000,0
789,780,9105,30.6,46000,3000
790,782,9105,30.9,20000,0
791,784,9108,30.6,1000,0
792,786,910D,30.65,1000,0
793,788,9131 群益民權,30.45,0,1000
794,790,9131,30.75,1000,0
795,792,9131,31.05,0,4000
796,794,9134,30.8,10000,0
797,796,9135,30.85,0,3000
798,798,9136,30.6,1000,0
799,800,9137 群益士林,30.5,4000,0
800,801,9138 群益中港,30.5,0,1000
801,803,913H 群益屏東,30.4,1000,0
802,805,913I 群益萬華,30.85,5000,0
803,807,913U 群益崇德,30.55,1000,0
804,809,9183 群益高雄,30.35,0,1000
805,811,9184 群益台中,30.6,0,3000
806,813,9186 群益新竹,30.6,0,2000
807,815,9187 群益彰化,30.6,0,5000
808,817,9187,30.75,50,0
809,819,9189 群益桃園,30.5,10000,0
810,821,918c 群益鳳山,30.5,1000,0
811,823,918C 群益古亭,30.6,1000,0
812,825,918D 群益東門,30.3,2000,0
813,827,918D,30.55,1000,0
814,829,918D,30.7,1000,0
815,831,918F 群益新店,30.5,0,5000
816,833,918H 群益中山,30.6,1000,0
817,835,918i 群益竹南,30.4,1000,0
818,837,918i,30.65,1000,0
819,839,918J 群益永和,30.45,1000,0
820,841,918J,30.6,0,2000
821,843,918J,30.95,0,1000
822,845,918L,30.8,0,1000
823,847,918M,30.65,0,41000
824,849,918P 群益天母,30.65,0,2000
825,851,918s 群益丹鳳,30.6,1000,6000
826,853,918u,30.6,2000,0
827,855,918W 群益忠孝,30.65,0,1000
828,857,918x,30.75,300,0
829,859,918z,30.9,1000,0
830,861,9200,30.5,0,5000
831,863,9200,30.6,0,6000
832,865,9200,30.7,0,3000
833,867,9202,30.6,0,1000
834,869,9205 凱基三重,30.55,2000,0
835,871,9207,30.6,0,2000
836,873,9208,30.6,0,3000
837,875,920A 凱基板橋,30.5,0,5000
838,877,920A,30.75,6000,0
839,879,920D 凱基市府,30.6,0,3000
840,881,920E 凱基東門,30.7,3000,0
841,883,920G 凱基彰化,30.5,0,1000
842,885,920M 凱基宜蘭,30.5,2000,0
843,887,920M,30.9,1000,0
844,889,920V 凱基新店,30.7,0,1000
845,891,920Z 凱基台東,30.55,24000,0
846,893,9211 凱基台南,30.65,0,2000
847,895,9215 凱基高美,30.55,1000,0
848,897,921E 凱基三峽,30.35,0,1000
849,899,921E,30.6,0,10000
850,802,913E 群益基隆,30.45,3000,0
851,804,913H,30.8,0,1000
852,806,913R 群益北高,30.6,2000,0
853,808,913Y 群益館前,30.55,10000,0
854,810,9183,30.55,0,1000
855,812,9184,30.75,0,1000
856,814,9186,30.85,2000,0
857,816,9187,30.65,1050,0
858,818,9188 群益三民,30.8,100,0
859,820,918A 群益中壢,30.35,1000,0
860,822,918c,30.6,6000,0
861,824,918C,30.8,1000,0
862,826,918D,30.45,1000,0
863,828,918D,30.65,1000,1000
864,830,918D,30.9,1000,0
865,832,918F,30.6,1000,0
866,834,918H,30.8,1000,0
867,836,918i,30.55,0,1000
868,838,918i,30.7,4000,0
869,840,918J,30.55,1000,0
870,842,918J,30.8,1000,0
871,844,918L 群益建成,30.4,1000,0
872,846,918M 群益嘉義,30.6,0,39000
873,848,918M,30.7,1000,0
874,850,918P,30.7,0,1000
875,852,918u 群益瑞豐,30.4,2000,0
876,854,918u,30.7,2000,4000
877,856,918x 群益延平,30.65,0,3000
878,858,918z 群益宜蘭,30.55,3000,0
879,860,9200 凱基,30.4,0,1000
880,862,9200,30.55,0,13000
881,864,9200,30.65,0,13000
882,866,9202 凱基中港,30.4,1000,0
883,868,9204 凱基台中,30.7,0,1000
884,870,9207 凱基永和,30.55,50,0
885,872,9208 凱基桃園,30.5,1000,0
886,874,9209 凱基岡山,30.45,1000,0
887,876,920A,30.7,9000,10000
888,878,920A,30.8,15000,0
889,880,920D,30.65,0,2000
890,882,920F 凱基站前,30.75,2000,0
891,884,920H 凱基基隆,30.55,1000,0
892,886,920M,30.55,1000,0
893,888,920N 凱基湖口,30.4,1000,0
894,890,920W 凱基大里,30.7,1000,0
895,892,920Z,30.75,0,400
896,894,9212 凱基東港,30.5,1000,0
897,896,9218 凱基大直,30.55,1000,0
898,898,921E,30.55,5000,0
899,900,921G 凱基五股,30.6,1000,0
900,901,921S 凱基幸福,30.75,1000,0
901,903,9223 凱基豐中,30.5,1000,0
902,905,9223,30.8,0,1000
903,907,9225,30.9,1000,0
904,909,9227 凱基城中,30.55,3050,0
905,911,9227,30.75,50,0
906,913,9229,30.7,1000,0
907,915,922C 凱基屏東,30.65,1000,0
908,917,9233 凱基長庚,30.35,5000,0
909,919,9237 凱基敦北,30.65,3000,0
910,921,9239,30.8,0,5000
911,923,9255 凱基和平,30.65,0,5000
912,925,9257 凱基林口,30.55,1000,0
913,927,9257,30.85,0,2000
914,929,9268 凱基台北,30.4,43000,0
915,931,9268,30.55,1000,39000
916,933,9268,30.65,14000,3000
917,935,9268,30.85,5000,2000
918,937,9268,30.95,3000,0
919,939,9273 凱基竹東,30.5,1000,0
920,941,9273,30.8,1000,0
921,943,9276 凱基苗栗,30.5,5000,0
922,945,9278,30.55,0,1000
923,947,9281 凱基斗六,30.55,1000,0
924,949,9283 凱基北門,30.4,2000,0
925,951,9285,30.6,6000,2500
926,953,9285,30.9,2000,0
927,955,9291 凱基大安,30.55,250,0
928,957,9300 華南永昌,30.5,2000,0
929,959,9300,30.6,2000,0
930,961,9300,30.7,1000,1000
931,963,9302 華南台中,30.5,0,3000
932,965,9302,30.65,0,1000
933,967,9307 華南大安,30.3,1000,0
934,969,9307,30.65,0,1000
935,971,9308 華南麻豆,30.85,2000,0
936,973,9309,30.7,1000,0
937,975,9314,30.55,0,1000
938,977,9316 華南淡水,30.7,20000,0
939,979,9317,30.65,5000,0
940,981,9322,30.8,1000,0
941,983,9323,30.6,1000,0
942,985,9323,30.85,1000,0
943,987,9326,30.55,3000,0
944,989,9327 華南斗六,30.6,0,1000
945,991,9328,30.7,2000,0
946,993,9329 華南朴子,30.55,3000,0
947,995,9331 華南鳳山,30.55,0,3000
948,997,9331,30.75,4000,0
949,999,9332,30.55,1000,4000
950,902,921Y 凱基東勢,30.6,1000,10000
951,904,9223,30.65,1000,0
952,906,9225 凱基內埔,30.6,1000,0
953,908,9226 凱基汐止,30.65,0,30000
954,910,9227,30.65,3000,0
955,912,9229 凱基中山,30.65,1000,0
956,914,9229,30.8,1000,0
957,916,922H 凱基復興,30.6,2000,0
958,918,9234 凱基竹北,30.7,1000,0
959,920,9239 凱基市政,30.65,0,100
960,922,9254 凱基科園,30.55,0,1000
961,924,9255,30.8,19,0
962,926,9257,30.7,1000,0
963,928,9266 凱基新豐,30.7,0,1000
964,930,9268,30.45,2000,0
965,932,9268,30.6,3000,28000
966,934,9268,30.7,30000,5000
967,936,9268,30.9,5000,0
968,938,9272 凱基竹科,30.8,0,1000
969,940,9273,30.7,0,6000
970,942,9275 凱基三多,30.7,10000,0
971,944,9278 凱基永康,30.5,1000,0
972,946,9278,30.8,1000,0
973,948,9281,30.6,0,1000
974,950,9285 凱基中壢,30.55,0,1000
975,952,9285,30.65,0,50
976,954,9289 凱基興隆,30.55,1000,0
977,956,9297 凱基文心,30.5,0,2000
978,958,9300,30.55,1000,0
979,960,9300,30.65,10,0
980,962,9300,30.8,1000,1000
981,964,9302,30.6,5000,0
982,966,9303 華南高雄,30.65,0,300
983,968,9307,30.5,0,1000
984,970,9307,30.75,54,0
985,972,9309 華南古亭,30.65,1000,0
986,974,9314 華南嘉義,30.35,1000,0
987,976,9314,30.65,0,1000
988,978,9317 華南林口,30.55,1000,0
989,980,9322 華南公誠,30.4,1000,0
990,982,9323 華南小港,30.35,1000,0
991,984,9323,30.75,1000,0
992,986,9326 華南南京,30.35,0,3000
993,988,9326,30.6,5000,0
994,990,9328 華南潮州,30.55,2000,0
995,992,9328,30.75,10000,0
996,994,9329,30.65,1000,0
997,996,9331,30.6,3000,0
998,998,9332 華南楠梓,30.45,1000,0
999,1000,9332,30.7,4000,0
1000,1001,9333 華南長虹,30.6,1000,3000
1001,1003,9339 華南竹北,30.6,1000,0
1002,1005,9343,30.7,0,2000
1003,1007,9343,30.9,0,5000
1004,1009,9349,30.55,1000,0
1005,1011,9349,30.75,0,1000
1006,1013,9358,30.75,0,1000
1007,1015,9363,30.9,0,1000
1008,1017,9369,30.55,1000,0
1009,1019,9600 富邦,30.55,0,28
1010,1021,9604 富邦陽明,30.55,5000,0
1011,1023,9604,31.05,1000,0
1012,1025,9608,30.7,1000,0
1013,1027,9623,30.45,1000,0
1014,1029,9623,30.55,10000,0
1015,1031,9623,30.75,5000,0
1016,1033,9623,30.85,10000,0
1017,1035,9623,30.95,10000,0
1018,1037,9624,30.45,1000,0
1019,1039,9624,30.65,1000,0
1020,1041,9625,30.5,2000,7000
1021,1043,9627 富邦內湖,30.55,0,1000
1022,1045,9627,30.75,0,60
1023,1047,9634,30.6,2000,0
1024,1049,9636 富邦中壢,30.5,1000,0
1025,1051,9636,30.6,2000,6000
1026,1053,9636,30.7,1000,0
1027,1055,9647,30.7,10000,0
1028,1057,9654 富邦永和,30.4,1000,0
1029,1059,9654,30.6,1000,0
1030,1061,9654,30.75,1000,0
1031,1063,9654,30.9,5000,0
1032,1065,9655,30.4,1000,0
1033,1067,9655,30.55,4000,0
1034,1069,9658 富邦建國,30.65,0,2000
1035,1071,9659 富邦高雄,30.7,5000,0
1036,1073,965K 富邦台中,30.55,2000,0
1037,1075,965U 富邦彰化,30.55,100,0
1038,1077,965U,30.7,50,0
1039,1079,9663 富邦敦南,30.55,10,1000
1040,1081,9663,30.7,20000,0
1041,1083,9667 富邦台南,30.6,2000,0
1042,1085,9667,30.7,0,2000
1043,1087,9667,30.8,0,1000
1044,1089,966F,30.4,2000,0
1045,1091,966F,30.55,9000,0
1046,1093,966F,30.65,80,0
1047,1095,9672 富邦員林,30.6,1000,0
1048,1097,9676 富邦仁愛,30.35,4000,0
1049,1099,9676,30.5,3000,0
1050,1002,9333,30.85,1000,0
1051,1004,9343 華南頭份,30.55,0,8000
1052,1006,9343,30.75,0,5000
1053,1008,9349 華南合泰,30.4,1000,0
1054,1010,9349,30.7,0,1000
1055,1012,9358 華南東勢,30.7,6000,1000
1056,1014,9363 華南彰化,30.5,1000,0
1057,1016,9369 華南三重,30.45,1000,0
1058,1018,9369,30.65,1000,0
1059,1020,9600,30.7,5000,0
1060,1022,9604,30.7,1000,1000
1061,1024,9608 富邦台東,30.65,0,1000
1062,1026,9623 富邦台北,30.4,1000,0
1063,1028,9623,30.5,6000,0
1064,1030,9623,30.6,2000,0
1065,1032,9623,30.8,1000,8000
1066,1034,9623,30.9,0,2000
1067,1036,9624 富邦竹北,30.4,1000,0
1068,1038,9624,30.5,1000,0
1069,1040,9625 富邦竹東,30.35,0,1000
1070,1042,9625,30.7,0,3000
1071,1044,9627,30.6,1000,1000
1072,1046,9634 富邦羅東,30.5,1000,0
1073,1048,9634,30.65,1000,0
1074,1050,9636,30.55,0,5000
1075,1052,9636,30.65,1000,0
1076,1054,9647 富邦新竹,30.6,10000,0
1077,1056,9647,30.8,1000,0
1078,1058,9654,30.5,1000,0
1079,1060,9654,30.7,58,0
1080,1062,9654,30.8,57,0
1081,1064,9655 富邦板橋,30.35,0,4000
1082,1066,9655,30.5,1000,0
1083,1068,9655,30.65,5000,0
1084,1070,9658,30.8,1100,0
1085,1072,9659,30.95,1000,0
1086,1074,965K,30.65,0,10
1087,1076,965U,30.65,80,0
1088,1078,965U,30.8,160,0
1089,1080,9663,30.65,1050,0
1090,1082,9663,30.95,1000,0
1091,1084,9667,30.65,2000,0
1092,1086,9667,30.75,50,0
1093,1088,966F 富邦左營,30.35,2000,0
1094,1090,966F,30.5,2000,0
1095,1092,966F,30.6,3025,0
1096,1094,966F,30.75,9,0
1097,1096,9672,30.7,0,1000
1098,1098,9676,30.4,2000,0
1099,1100,9676,30.55,7000,0
1100,1101,9676,30.6,22000,0
1101,1103,9676,30.75,0,14000
1102,1105,9686 富邦宜蘭,30.65,2000,0
1103,1107,9692,30.6,2000,20000
1104,1109,9692,30.7,0,2000
1105,1111,969C,30.7,20000,0
1106,1113,9800,30.55,1000,0
1107,1115,9800,30.65,0,3098
1108,1117,9800,30.75,0,1010
1109,1119,9800,30.85,0,230
1110,1121,9801 元大城東,30.85,1000,0
1111,1123,980a,30.75,0,1000
1112,1125,980C,30.7,0,1000
1113,1127,980d,30.6,1000,0
1114,1129,980D 元大開元,30.5,10000,0
1115,1131,980e 元大清水,30.5,2000,0
1116,1133,980e,30.6,10000,0
1117,1135,980h 元大台北,30.7,0,5000
1118,1137,980K,30.65,0,10000
1119,1139,980l 元大虎尾,30.35,1000,0
1120,1141,980l,30.7,0,2000
1121,1143,980w 元大西屯,30.7,0,1000
1122,1145,9812,30.45,1000,0
1123,1147,9812,30.55,2000,0
1124,1149,9812,30.65,1000,0
1125,1151,9815 元大大灣,30.5,1000,0
1126,1153,9815,30.65,11000,0
1127,1155,9816 元大新竹,30.55,0,6000
1128,1157,9817,30.5,0,1000
1129,1159,9817,30.6,6000,0
1130,1161,9817,30.7,3000,2000
1131,1163,981A 元大鶯歌,30.6,0,1000
1132,1165,981B,30.55,0,1000
1133,1167,981B,30.7,10,0
1134,1169,981B,30.85,272,0
1135,1171,981D 元大南投,30.6,0,3000
1136,1173,981D,30.8,0,1000
1137,1175,981e,30.55,1000,0
1138,1177,981e,30.75,74,0
1139,1179,981F 元大福營,30.85,1000,0
1140,1181,981G 元大彰化,30.35,4000,0
1141,1183,981G,30.55,21000,0
1142,1185,981G,30.65,1000,0
1143,1187,981h,30.55,50,1000
1144,1189,981h,30.8,50,0
1145,1191,981I 元大天母,30.5,2000,0
1146,1193,981I,30.8,0,1000
1147,1195,981K 元大林園,30.65,0,10000
1148,1197,981L,30.55,0,1000
1149,1199,981L,30.85,0,1000
1150,1102,9676,30.65,2301,0
1151,1104,9676,30.9,1000,0
1152,1106,9692 富邦嘉義,30.45,1000,0
1153,1108,9692,30.65,1000,0
1154,1110,969C 富邦北港,30.55,34000,0
1155,1112,9800 元大,30.5,1000,0
1156,1114,9800,30.6,2000,0
1157,1116,9800,30.7,0,863
1158,1118,9800,30.8,0,303
1159,1120,9800,31.05,0,58
1160,1122,980a 元大承德,30.5,1000,0
1161,1124,980C 元大斗六,30.5,1000,0
1162,1126,980d 元大沙鹿,30.5,5000,0
1163,1128,980d,30.75,0,2000
1164,1130,980D,30.55,1000,0
1165,1132,980e,30.55,0,1000
1166,1134,980e,30.7,0,3000
1167,1136,980K 元大竹科,30.55,1150,10000
1168,1138,980K,30.8,100,0
1169,1140,980l,30.65,0,2000
1170,1142,980l,30.75,0,2000
1171,1144,9812 元大台中,30.4,2000,0
1172,1146,9812,30.5,5000,0
1173,1148,9812,30.6,6000,0
1174,1150,9812,30.7,5000,1000
1175,1152,9815,30.6,1000,0
1176,1154,9815,30.9,2000,0
1177,1156,9817 元大東泰,30.35,3000,0
1178,1158,9817,30.55,4000,5000
1179,1160,9817,30.65,0,4000
1180,1162,9817,30.8,2000,0
1181,1164,981B 元大竹北,30.5,1000,0
1182,1166,981B,30.65,1100,0
1183,1168,981B,30.8,28,0
1184,1170,981B,31.05,200,0
1185,1172,981D,30.65,0,1000
1186,1174,981e 元大佳里,30.45,1000,0
1187,1176,981e,30.6,5000,0
1188,1178,981e,30.8,0,1000
1189,1180,981g 元大大里,30.4,1000,0
1190,1182,981G,30.5,8000,0
1191,1184,981G,30.6,1000,0
1192,1186,981h 元大屏生,30.5,0,6000
1193,1188,981h,30.6,1000,0
1194,1190,981i 元大西螺,30.35,3000,0
1195,1192,981I,30.7,0,2020
1196,1194,981j 元大士林,30.55,2000,0
1197,1196,981L 元大莒光,30.35,0,1000
1198,1198,981L,30.8,1000,0
1199,1200,981L,30.95,0,1000
1200,1201,981m 元大前金,30.8,0,1000
1201,1203,981m,31.05,80,0
1202,1205,981N 元大金門,30.6,40000,0
1203,1207,981q,30.9,0,1000
1204,1209,981Q,30.75,1000,0
1205,1211,981R 元大竹山,30.7,1000,0
1206,1213,981V 元大民雄,30.7,0,1000
1207,1215,981y,30.7,2000,0
1208,1217,981z,30.5,2000,0
1209,1219,981z,30.85,0,1000
1210,1221,9822 元大學府,30.55,4000,0
1211,1223,9825 元大新營,30.5,1000,0
1212,1225,9825,30.65,2050,0
1213,1227,9825,30.8,1000,0
1214,1229,982B 元大博愛,30.35,0,1000
1215,1231,982B,30.55,0,1000
1216,1233,982B,30.7,0,3000
1217,1235,982C 元大六合,30.5,3000,0
1218,1237,982F,30.75,2000,0
1219,1239,9831,30.7,0,2000
1220,1241,9833 元大敦化,30.8,1000,0
1221,1243,9834,30.5,1000,3000
1222,1245,9834,30.6,12000,0
1223,1247,9834,30.8,1000,0
1224,1249,9835 元大中山,30.5,3000,0
1225,1251,9837 元大北港,30.4,1000,0
1226,1253,9837,30.6,2000,0
1227,1255,9837,30.8,1000,0
1228,1257,9838 元大豐原,30.55,10000,0
1229,1259,983B 元大林森,30.75,1000,0
1230,1261,983i 元大大雅,30.6,0,2000
1231,1263,983i,30.7,0,28000
1232,1265,983i,30.9,2000,0
1233,1267,983i,31.05,0,1000
1234,1269,983K,30.5,1000,0
1235,1271,983K,30.95,1000,0
1236,1273,983N 元大大安,30.55,1000,0
1237,1275,983U,30.55,2017,0
1238,1277,983U,30.7,15,0
1239,1279,983W 元大德芳,30.5,10000,0
1240,1281,983W,30.7,20000,0
1241,1283,983Z,30.6,0,1000
1242,1285,984C 元大新中,30.6,2000,0
1243,1287,984E,30.6,4000,0
1244,1289,984E,30.75,0,1000
1245,1291,984K 元大館前,30.6,0,5000
1246,1293,9852,30.4,0,4000
1247,1295,9853 元大南屯,30.55,1000,0
1248,1297,9854 元大興安,30.6,10000,0
1249,1299,9854,30.7,7000,0
1250,1202,981m,30.85,80,0
1251,1204,981M 元大苗栗,30.65,1000,0
1252,1206,981q 元大萬華,30.65,0,14000
1253,1208,981Q 元大太平,30.7,0,6000
1254,1210,981Q,30.95,5000,0
1255,1212,981S 元大崇德,30.55,0,1000
1256,1214,981y 元大善化,30.6,3000,0
1257,1216,981z 元大大統,30.45,0,1000
1258,1218,981z,30.55,1000,0
1259,1220,981Z 元大潮州,30.6,0,1000
1260,1222,9824 元大向上,30.8,0,4000
1261,1224,9825,30.6,1000,0
1262,1226,9825,30.7,50,0
1263,1228,9829 元大永康,30.7,2000,0
1264,1230,982B,30.5,3000,0
1265,1232,982B,30.65,0,1100
1266,1234,982B,30.75,0,1000
1267,1236,982F 元大忠鼎,30.7,3000,0
1268,1238,9831 元大四維,30.5,0,2000
1269,1240,9831,30.8,0,607
1270,1242,9834 元大中壢,30.35,0,2000
1271,1244,9834,30.55,4000,1000
1272,1246,9834,30.65,2000,0
1273,1248,9834,30.85,1000,0
1274,1250,9835,30.65,2000,0
1275,1252,9837,30.55,1020,0
1276,1254,9837,30.65,30,0
1277,1256,9837,30.9,1000,0
1278,1258,9838,30.85,0,2000
1279,1260,983f 元大竹東,30.9,0,1000
1280,1262,983i,30.65,0,4000
1281,1264,983i,30.85,10000,0
1282,1266,983i,31.0,1000,0
1283,1268,983K 元大學甲,30.35,3000,0
1284,1270,983K,30.75,0,1000
1285,1272,983M 元大木柵,30.65,1000,0
1286,1274,983U 元大頭份,30.5,2000,0
1287,1276,983U,30.6,0,1000
1288,1278,983V 元大竹南,30.85,1000,0
1289,1280,983W,30.65,10000,0
1290,1282,983Z 元大鳳山,30.5,1000,0
1291,1284,983Z,30.7,1000,0
1292,1286,984E 元大南勢,30.5,3000,0
1293,1288,984E,30.65,1000,0
1294,1290,984E,30.85,2000,0
1295,1292,9852 元大永春,30.35,1000,0
1296,1294,9852,30.65,2000,1000
1297,1296,9853,30.6,0,1000
1298,1298,9854,30.65,13000,0
1299,1300,9854,30.75,13000,193
1300,1301,9854,30.9,0,4000
1301,1303,9857,30.7,2000,0
1302,1305,9858,30.7,1000,0
1303,1307,9859,30.65,1100,0
1304,1309,9859,30.75,1000,5000
1305,1311,9862 元大南京,30.7,2000,0
1306,1313,9867,30.55,1000,4000
1307,1315,9868 元大文心,30.65,1000,5000
1308,1317,986K 元大基孝,30.5,2000,0
1309,1319,9871 元大忠孝,30.45,1000,0
1310,1321,9871,30.55,0,2000
1311,1323,9871,30.65,0,10000
1312,1325,9872 元大復北,30.55,3000,0
1313,1327,9872,30.7,1000,0
1314,1329,9874,30.7,0,2000
1315,1331,9878 元大金華,30.4,2000,0
1316,1333,9879 元大板三,30.55,0,1000
1317,1335,987A 元大楊梅,30.65,1000,0
1318,1337,9884 元大斗信,30.5,5000,0
1319,1339,9888 元大鑫永,30.55,0,8000
1320,1341,988B 元大桃園,30.6,0,3000
1321,1343,988B,30.7,0,6000
1322,1345,988C 元大三重,30.65,3000,0
1323,1347,988C,30.9,1000,0
1324,1349,9892 元大屏東,30.4,0,4000
1325,1351,9892,30.55,0,2000
1326,1353,9892,30.8,100,0
1327,1355,9893,30.6,0,3000
1328,1357,9894 元大桃興,30.5,1000,0
1329,1359,9896 元大台南,30.5,1000,0
1330,1361,9896,30.65,10002,2000
1331,1363,9898,30.7,1000,0
1332,1365,9899,30.65,1000,0
1333,1367,989A 元大北投,30.35,1000,0
1334,1369,989A,30.7,0,2000
1335,1371,989A,31.0,3000,0
1336,1373,989C 元大板橋,30.55,1000,2000
1337,1375,989d,30.6,1000,0
1338,1377,989D 元大左營,30.55,2000,0
1339,1379,989D,30.65,1000,0
1340,1381,989e 元大中和,30.3,1000,0
1341,1383,989f 元大東港,30.4,2000,0
1342,1385,989f,30.55,0,1000
1343,1387,989F 元大高雄,30.6,1000,20000
1344,1389,989F,30.8,500,0
1345,1391,989I 元大蘆洲,30.8,3000,0
1346,1393,989J 元大彰生,30.6,3000,0
1347,1395,989L 元大成功,30.6,7000,0
1348,1397,989N 元大內湖,30.4,6000,0
1349,1399,989N,30.55,1000,0
1350,1302,9857 元大東蘆,30.55,2000,0
1351,1304,9858 元大龍潭,30.6,1000,0
1352,1306,9859 元大經國,30.4,3000,0
1353,1308,9859,30.7,1000,0
1354,1310,9859,31.05,0,10000
1355,1312,9867 元大北成,30.5,2000,1000
1356,1314,9867,31.05,0,1000
1357,1316,9868,30.7,0,5000
1358,1318,986K,30.55,6000,0
1359,1320,9871,30.5,2000,0
1360,1322,9871,30.6,1000,6000
1361,1324,9871,30.7,0,6000
1362,1326,9872,30.65,1000,0
1363,1328,9874 元大雙和,30.55,1000,0
1364,1330,9875 元大永寧,30.45,1000,0
1365,1332,9878,30.65,30,0
1366,1334,9879,30.65,0,1000
1367,1336,987A,30.7,1000,0
1368,1338,9884,30.6,1000,0
1369,1340,9889 元大員林,30.65,0,1000
1370,1342,988B,30.65,0,2000
1371,1344,988B,30.8,4,0
1372,1346,988C,30.8,0,3000
1373,1348,9891 元大永和,30.7,1000,0
1374,1350,9892,30.45,0,1000
1375,1352,9892,30.7,0,3000
1376,1354,9893 元大大天,30.55,10000,5000
1377,1356,9893,30.65,0,7000
1378,1358,9894,30.9,3000,0
1379,1360,9896,30.6,1000,0
1380,1362,9898 元大新莊,30.55,2000,0
1381,1364,9899 元大淡水,30.6,5000,1000
1382,1366,989a 元大苑裡,30.65,0,1000
1383,1368,989A,30.4,3000,0
1384,1370,989A,30.9,0,1000
1385,1372,989B 元大中港,30.8,0,10
1386,1374,989d 元大北屯,30.55,0,1000
1387,1376,989d,30.8,1000,0
1388,1378,989D,30.6,1000,0
1389,1380,989D,30.7,2300,0
1390,1382,989E 元大草屯,30.6,0,2000
1391,1384,989f,30.5,52000,0
1392,1386,989f,30.6,2000,0
1393,1388,989F,30.7,0,1000
1394,1390,989F,30.85,1000,0
1395,1392,989j 元大樹林,30.55,2000,3000
1396,1394,989k 元大古亭,30.65,3,0
1397,1396,989L,30.65,1000,0
1398,1398,989N,30.5,5000,0
1399,1400,989N,30.6,8000,5000
1400,1401,989N,30.65,0,5000
1401,1403,989N,30.75,100,0
1402,1405,989Q 元大汐止,30.35,0,11000
1403,1407,989Q,30.6,2000,1000
1404,1409,989S 元大鹿港,30.5,1000,0
1405,1411,989U,30.65,0,5000
1406,1413,989V 元大北重,30.55,0,5000
1407,1415,989W 元大站前,30.55,0,6000
1408,1417,989W,30.85,0,5000
1409,1419,989Y 元大基隆,30.65,3000,1000
1410,1421,989Z,30.5,1000,0
1411,1423,989Z,30.6,1000,0
1412,1425,989Z,30.75,5000,0
1413,1427,9A00 永豐金,30.4,1000,0
1414,1429,9A00,30.6,0,1000
1415,1431,9A00,30.75,0,6000
1416,1433,9A69 永豐屏東,30.55,3000,0
1417,1435,9A79 永豐埔里,30.75,1000,0
1418,1437,9A91 永豐松山,30.6,0,1000
1419,1439,9A92,30.55,1000,0
1420,1441,9A96 永豐博愛,30.6,1000,0
1421,1443,9A97 永豐新竹,30.35,1000,0
1422,1445,9A9a 永豐苓雅,30.4,1000,0
1423,1447,9A9a,30.65,1000,0
1424,1449,9A9A 永豐羅東,30.75,500,0
1425,1451,9A9C 永豐員林,30.45,2000,0
1426,1453,9A9C,30.65,0,2000
1427,1455,9A9e 永豐高雄,30.4,1000,0
1428,1457,9A9e,30.55,1000,0
1429,1459,9A9e,30.95,1000,0
1430,1461,9A9f 永豐中盛,30.45,20000,0
1431,1463,9A9f,30.7,0,2000
1432,1465,9A9g,30.6,2000,0
1433,1467,9A9G 永豐天母,30.85,1000,0
1434,1469,9A9h,30.55,0,3000
1435,1471,9A9h,30.65,0,3000
1436,1473,9A9h,30.85,0,1000
1437,1475,9A9H,30.65,0,10000
1438,1477,9A9i 永豐新店,30.55,0,3000
1439,1479,9A9J 永豐板新,30.6,1000,0
1440,1481,9A9K,30.6,0,1000
1441,1483,9A9L,30.6,2000,0
1442,1485,9A9N 永豐桃盛,30.4,1000,0
1443,1487,9A9N,30.55,1000,0
1444,1489,9A9N,30.7,0,1000
1445,1491,9A9P,30.55,5000,0
1446,1493,9A9P,30.7,2000,0
1447,1495,9A9P,30.8,1000,0
1448,1497,9A9P,30.9,1000,0
1449,1499,9A9Q 永豐豐原,30.55,4000,0
1450,1402,989N,30.7,4100,2000
1451,1404,989N,30.85,1000,0
1452,1406,989Q,30.55,1000,0
1453,1408,989Q,30.7,0,1000
1454,1410,989U 元大大甲,30.6,0,4000
1455,1412,989U,30.7,0,3000
1456,1414,989V,30.6,10000,0
1457,1416,989W,30.75,0,2000
1458,1418,989X 元大民生,30.5,10000,0
1459,1420,989Z 元大小港,30.35,3000,0
1460,1422,989Z,30.55,4000,0
1461,1424,989Z,30.7,1000,0
1462,1426,989Z,30.85,3000,0
1463,1428,9A00,30.55,2000,39000
1464,1430,9A00,30.65,1127,17000
1465,1432,9A61 永豐鳳山,30.6,1000,0
1466,1434,9A69,30.7,0,3000
1467,1436,9A89 永豐敦北,30.6,2000,0
1468,1438,9A92 永豐萬盛,30.45,1000,0
1469,1440,9A92,30.95,0,5000
1470,1442,9A96,30.65,0,2000
1471,1444,9A99 永豐中壢,30.55,2000,0
1472,1446,9A9a,30.5,1000,0
1473,1448,9A9a,30.7,1000,0
1474,1450,9A9B 永豐中和,30.65,10000,0
1475,1452,9A9C,30.55,5000,0
1476,1454,9A9C,30.85,0,10000
1477,1456,9A9e,30.5,0,3000
1478,1458,9A9e,30.65,600,2000
1479,1460,9A9E 永豐板橋,30.55,0,1000
1480,1462,9A9f,30.55,100,5000
1481,1464,9A9g 永豐內湖,30.35,0,5000
1482,1466,9A9g,30.7,1000,0
1483,1468,9A9h 永豐台南,30.45,1000,0
1484,1470,9A9h,30.6,1000,0
1485,1472,9A9h,30.7,0,1000
1486,1474,9A9H 永豐新莊,30.6,1000,0
1487,1476,9A9H,30.7,1000,0
1488,1478,9A9i,30.7,1000,0
1489,1480,9A9K 永豐三重,30.5,1000,0
1490,1482,9A9L 永豐台中,30.55,4000,0
1491,1484,9A9L,30.65,0,3000
1492,1486,9A9N,30.5,0,8000
1493,1488,9A9N,30.65,0,1000
1494,1490,9A9P 永豐竹北,30.35,1000,0
1495,1492,9A9P,30.65,1000,0
1496,1494,9A9P,30.75,1000,0
1497,1496,9A9P,30.85,1000,0
1498,1498,9A9q 永豐潮州,30.4,1000,0
1499,1500,9A9R 永豐信義,30.5,1000,0
1500,1501,9A9s 永豐彰化,30.4,1000,0
1501,1503,9A9s,30.55,1000,0
1502,1505,9A9s,30.75,0,5000
1503,1507,9A9S,30.65,20,0
1504,1509,9A9x 永豐桃園,30.55,1000,0
1505,1511,9A9X 永豐竹科,30.55,2001,0
1506,1513,9A9X,30.85,12000,0
1507,1515,9A9Z,30.65,1000,0
1508,1502,9A9s,30.5,2000,0
1509,1504,9A9s,30.7,4000,1000
1510,1506,9A9S 永豐南京,30.55,10000,0
1511,1508,9A9S,30.8,10,0
1512,1510,9A9x,30.75,0,1000
1513,1512,9A9X,30.65,4000,0
1514,1514,9A9Z 永豐復興,30.5,1000,0
1515,1516,9A9Z,30.7,1000,0
